1,  1,  1,  1,  -1,  -7.5, -0.1,  8.9,  10,  ABplaaappa,  0,  0, 0, 0, , 0, 0, 0, 0, 0,
2,  1,  2,  2,  -1,  7.5, 0.0,  8.8,  10,  ABarpapppa,  0,  0, 0, 0, , 0, 0, 0, 0, 0,
3,  1,  3,  3,  -1,  -9.5, 0.1,  19.3,  10,  ABplaaappp,  0,  0, 0, 0, , 0, 0, 0, 0, 0,
4,  1,  4,  4,  -1,  9.4, 0.2,  18.8,  10,  ABarpapppp,  0,  0, 0, 0, , 0, 0, 0, 0, 0,
5,  1,  5,  5,  -1,  -8.8, 0.2,  30.8,  10,  ABarppaaap,  0,  0, 0, 0, , 0, 0, 0, 0, 0,
6,  1,  6,  6,  -1,  8.8, 0.1,  31.0,  10,  ABarpppaap,  0,  0, 0, 0, , 0, 0, 0, 0, 0,
7,  0,  -1,  -1,  -1,  0.0, 0.0,  0.0,  10,  invalid filler cell,  0,  0, 0, 0, , 0, 0, 0, 0, 0,
8,  0,  -1,  -1,  -1,  0.0, 0.0,  0.0,  10,  invalid filler cell,  0,  0, 0, 0, , 0, 0, 0, 0, 0,
9,  0,  -1,  -1,  -1,  0.0, 0.0,  0.0,  10,  invalid filler cell,  0,  0, 0, 0, , 0, 0, 0, 0, 0,
10,  0,  -1,  -1,  -1,  0.0, 0.0,  0.0,  10,  invalid filler cell,  0,  0, 0, 0, , 0, 0, 0, 0, 0,
11,  1,  11,  11,  -1,  -7.8, -0.0,  39.6,  10,  ABarppapaa,  0,  0, 0, 0, , 0, 0, 0, 0, 0,
12,  1,  12,  12,  -1,  7.3, -0.1,  39.7,  10,  ABarppppaa,  0,  0, 0, 0, , 0, 0, 0, 0, 0,
13,  1,  13,  13,  -1,  -6.9, -0.0,  46.7,  10,  ABarppapap,  0,  0, 0, 0, , 0, 0, 0, 0, 0,
14,  1,  14,  14,  -1,  6.9, -0.0,  46.5,  10,  ABarppppap,  0,  0, 0, 0, , 0, 0, 0, 0, 0,
15,  1,  -1,  15,  -1,  -6.2, -0.2,  54.3,  10,  ABplappapa,  0,  0, 0, 0, , 0, 0, 0, 0, 0,
16,  1,  16,  16,  -1,  6.3, 0.1,  54.3,  10,  ABprappapa,  0,  0, 0, 0, , 0, 0, 0, 0, 0,
17,  0,  -1,  -1,  -1,  0.0, 0.0,  0.0,  10,  invalid filler cell,  0,  0, 0, 0, , 0, 0, 0, 0, 0,
18,  1,  18,  18,  -1,  6.1, 0.0,  63.6,  10,  ABarpppppa,  0,  0, 0, 0, , 0, 0, 0, 0, 0,
19,  0,  -1,  -1,  -1,  0.0, 0.0,  0.0,  10,  invalid filler cell,  0,  0, 0, 0, , 0, 0, 0, 0, 0,
20,  0,  -1,  -1,  -1,  0.0, 0.0,  0.0,  10,  invalid filler cell,  0,  0, 0, 0, , 0, 0, 0, 0, 0,
21,  1,  -1,  21,  -1,  -5.2, 0.4,  81.2,  10,  ABarppappp,  0,  0, 0, 0, , 0, 0, 0, 0, 0,
22,  1,  22,  22,  -1,  5.2, -0.0,  80.9,  10,  ABarpppppp,  0,  0, 0, 0, , 0, 0, 0, 0, 0,
23,  1,  23,  23,  -1,  -6.8, -3.0,  26.7,  10,  ABalpppapav,  0,  0, 0, 0, , 0, 0, 0, 0, 0,
24,  1,  24,  24,  -1,  7.4, -2.6,  26.2,  10,  ABpraaaapav,  0,  0, 0, 0, , 0, 0, 0, 0, 0,
25,  1,  25,  25,  -1,  -3.7, -4.6,  32.9,  10,  ABplpapaaap,  0,  0, 0, 0, , 0, 0, 0, 0, 0,
26,  1,  26,  26,  -1,  3.6, -5.1,  33.0,  10,  ABprpapaaap,  0,  0, 0, 0, , 0, 0, 0, 0, 0,
27,  1,  27,  27,  -1,  -5.0, -3.8,  24.6,  10,  ABalpppaaaa,  0,  0, 0, 0, , 0, 0, 0, 0, 0,
28,  1,  28,  28,  -1,  6.2, -3.5,  25.0,  10,  ABpraaaaaaa,  0,  0, 0, 0, , 0, 0, 0, 0, 0,
29,  1,  29,  29,  -1,  5.0, 0.9,  6.0,  10,  ABarpappap,  0,  0, 0, 0, , 0, 0, 0, 0, 0,
30,  1,  30,  30,  -1,  -1.3, 1.9,  40.3,  10,  Ealaad,  0,  0, 0, 0, , 0, 0, 0, 0, 0,
31,  1,  31,  31,  -1,  3.2, 1.4,  40.3,  10,  Earaad,  0,  0, 0, 0, , 0, 0, 0, 0, 0,
32,  1,  32,  32,  -1,  -2.2, -1.2,  40.4,  10,  Ealaav,  0,  0, 0, 0, , 0, 0, 0, 0, 0,
33,  1,  33,  33,  -1,  2.7, -1.8,  39.7,  10,  Earaav,  0,  0, 0, 0, , 0, 0, 0, 0, 0,
34,  1,  34,  34,  -1,  1.1, 2.1,  44.0,  10,  Earpa,  0,  0, 0, 0, , 0, 0, 0, 0, 0,
35,  1,  35,  35,  -1,  -0.1, -1.1,  43.8,  10,  Ealpa,  0,  0, 0, 0, , 0, 0, 0, 0, 0,
36,  1,  36,  36,  -1,  0.5, 2.4,  47.9,  10,  Earap,  0,  0, 0, 0, , 0, 0, 0, 0, 0,
37,  1,  37,  37,  -1,  0.8, -0.6,  47.8,  10,  Ealap,  0,  0, 0, 0, , 0, 0, 0, 0, 0,
38,  1,  38,  38,  -1,  0.4, 2.6,  52.3,  10,  Epraa,  0,  0, 0, 0, , 0, 0, 0, 0, 0,
39,  1,  39,  39,  -1,  -0.0, -0.1,  52.7,  10,  Eplaa,  0,  0, 0, 0, , 0, 0, 0, 0, 0,
40,  1,  40,  40,  -1,  -0.7, 1.7,  57.5,  10,  Eplap,  0,  0, 0, 0, , 0, 0, 0, 0, 0,
41,  1,  41,  41,  -1,  0.9, 1.5,  56.4,  10,  Eprap,  0,  0, 0, 0, , 0, 0, 0, 0, 0,
42,  1,  42,  42,  -1,  -0.9, 1.5,  63.2,  10,  Ealpp,  0,  0, 0, 0, , 0, 0, 0, 0, 0,
43,  1,  43,  43,  -1,  1.6, 1.1,  62.7,  10,  Earpp,  0,  0, 0, 0, , 0, 0, 0, 0, 0,
44,  1,  44,  44,  -1,  -0.5, 1.9,  68.0,  10,  Eplpa,  0,  0, 0, 0, , 0, 0, 0, 0, 0,
45,  1,  45,  45,  -1,  0.7, -0.2,  67.4,  10,  Eprpa,  0,  0, 0, 0, , 0, 0, 0, 0, 0,
46,  1,  46,  46,  -1,  -1.7, 1.0,  72.3,  10,  Eplppp,  0,  0, 0, 0, , 0, 0, 0, 0, 0,
47,  1,  47,  47,  -1,  1.6, -0.1,  71.9,  10,  Eprppp,  0,  0, 0, 0, , 0, 0, 0, 0, 0,
48,  1,  48,  48,  -1,  -1.9, 0.3,  76.0,  10,  Eplppa,  0,  0, 0, 0, , 0, 0, 0, 0, 0,
49,  1,  49,  49,  -1,  1.3, -0.0,  75.3,  10,  Eprppa,  0,  0, 0, 0, , 0, 0, 0, 0, 0,
50,  1,  50,  50,  -1,  -3.2, -1.6,  16.1,  10,  MSaaapaaa,  0,  0, 0, 0, , 0, 0, 0, 0, 0,
51,  1,  51,  51,  -1,  3.3, -0.2,  15.7,  10,  MSpaaaapa,  0,  0, 0, 0, , 0, 0, 0, 0, 0,
52,  1,  52,  52,  -1,  -2.5, -0.7,  18.1,  10,  ABalpaapapa,  0,  0, 0, 0, , 0, 0, 0, 0, 0,
53,  1,  53,  53,  -1,  1.8, 0.6,  18.5,  10,  ABaraaapapa,  0,  0, 0, 0, , 0, 0, 0, 0, 0,
54,  1,  54,  54,  -1,  -1.5, -2.8,  21.7,  10,  ABalpappppa,  0,  0, 0, 0, , 0, 0, 0, 0, 0,
55,  1,  55,  55,  -1,  -1.1, 1.5,  14.5,  10,  ABarpaaaapa,  0,  0, 0, 0, , 0, 0, 0, 0, 0,
56,  1,  56,  56,  -1,  -4.5, -3.2,  14.9,  10,  ABalpppaaap,  0,  0, 0, 0, , 0, 0, 0, 0, 0,
57,  1,  57,  57,  -1,  4.3, -3.2,  14.9,  10,  ABpraaaaaap,  0,  0, 0, 0, , 0, 0, 0, 0, 0,
58,  0,  -1,  -1,  -1,  0.0, 0.0,  0.0,  10,  invalid filler cell,  0,  0, 0, 0, , 0, 0, 0, 0, 0,
59,  1,  59,  59,  -1,  -5.7, -1.8,  25.2,  10,  ABalapaapaa,  0,  0, 0, 0, , 0, 0, 0, 0, 0,
60,  1,  60,  60,  -1,  6.2, -1.2,  24.5,  10,  ABalaapppaa,  0,  0, 0, 0, , 0, 0, 0, 0, 0,
61,  1,  61,  61,  -1,  -6.9, -4.9,  22.0,  10,  ABalpppapad,  0,  0, 0, 0, , 0, 0, 0, 0, 0,
62,  1,  62,  62,  -1,  7.3, -4.1,  21.9,  10,  ABpraaaapad,  0,  0, 0, 0, , 0, 0, 0, 0, 0,
63,  1,  63,  63,  -1,  -4.5, -5.5,  26.4,  10,  ABplpapaaaa,  0,  0, 0, 0, , 0, 0, 0, 0, 0,
64,  1,  64,  64,  -1,  4.1, -5.7,  26.9,  10,  ABprpapaaaa,  0,  0, 0, 0, , 0, 0, 0, 0, 0,
