1,  1,  1,  1,  -1,  -6.7, 0.3,  10.8,  10,  ABplaaappa,  0,  0, 0, 0, , 0, 0, 0, 0, 0,
2,  1,  2,  2,  -1,  7.4, 0.4,  10.8,  10,  ABarpapppa,  0,  0, 0, 0, , 0, 0, 0, 0, 0,
3,  1,  3,  3,  -1,  -8.6, -0.1,  21.1,  10,  ABplaaappp,  0,  0, 0, 0, , 0, 0, 0, 0, 0,
4,  1,  4,  4,  -1,  8.7, 0.4,  20.5,  10,  ABarpapppp,  0,  0, 0, 0, , 0, 0, 0, 0, 0,
5,  1,  5,  5,  -1,  -8.2, 0.5,  34.6,  10,  ABarppaaap,  0,  0, 0, 0, , 0, 0, 0, 0, 0,
6,  1,  6,  6,  -1,  8.8, 0.3,  34.9,  10,  ABarpppaap,  0,  0, 0, 0, , 0, 0, 0, 0, 0,
7,  0,  -1,  -1,  -1,  0.0, 0.0,  0.0,  10,  invalid filler cell,  0,  0, 0, 0, , 0, 0, 0, 0, 0,
8,  0,  -1,  -1,  -1,  0.0, 0.0,  0.0,  10,  invalid filler cell,  0,  0, 0, 0, , 0, 0, 0, 0, 0,
9,  0,  -1,  -1,  -1,  0.0, 0.0,  0.0,  10,  invalid filler cell,  0,  0, 0, 0, , 0, 0, 0, 0, 0,
10,  0,  -1,  -1,  -1,  0.0, 0.0,  0.0,  10,  invalid filler cell,  0,  0, 0, 0, , 0, 0, 0, 0, 0,
11,  1,  11,  11,  -1,  -7.1, 0.4,  43.9,  10,  ABarppapaa,  0,  0, 0, 0, , 0, 0, 0, 0, 0,
12,  1,  12,  12,  -1,  7.5, 0.3,  44.0,  10,  ABarppppaa,  0,  0, 0, 0, , 0, 0, 0, 0, 0,
13,  1,  13,  13,  -1,  -6.3, 0.4,  51.4,  10,  ABarppapap,  0,  0, 0, 0, , 0, 0, 0, 0, 0,
14,  1,  14,  14,  -1,  7.1, 0.3,  51.3,  10,  ABarppppap,  0,  0, 0, 0, , 0, 0, 0, 0, 0,
15,  1,  15,  15,  -1,  -5.9, -0.1,  60.6,  10,  ABplappapa,  0,  0, 0, 0, , 0, 0, 0, 0, 0,
16,  1,  16,  16,  -1,  6.3, 0.1,  60.7,  10,  ABprappapa,  0,  0, 0, 0, , 0, 0, 0, 0, 0,
17,  1,  -1,  17,  -1,  -5.7, -0.2,  70.7,  10,  ABarppappa,  0,  0, 0, 0, , 0, 0, 0, 0, 0,
18,  1,  18,  18,  -1,  6.0, -0.0,  70.8,  10,  ABarpppppa,  0,  0, 0, 0, , 0, 0, 0, 0, 0,
19,  0,  -1,  -1,  -1,  0.0, 0.0,  0.0,  10,  invalid filler cell,  0,  0, 0, 0, , 0, 0, 0, 0, 0,
20,  1,  20,  20,  -1,  5.5, 0.1,  81.1,  10,  ABprapapaap,  0,  0, 0, 0, , 0, 0, 0, 0, 0,
21,  1,  21,  21,  -1,  -4.7, -0.0,  89.8,  10,  ABarppappp,  0,  0, 0, 0, , 0, 0, 0, 0, 0,
22,  1,  22,  22,  -1,  4.7, 0.3,  89.7,  10,  ABarpppppp,  0,  0, 0, 0, , 0, 0, 0, 0, 0,
23,  1,  23,  23,  -1,  -6.4, -2.4,  30.2,  10,  ABalpppapav,  0,  0, 0, 0, , 0, 0, 0, 0, 0,
24,  1,  24,  24,  -1,  6.5, -1.8,  29.9,  10,  ABpraaaapav,  0,  0, 0, 0, , 0, 0, 0, 0, 0,
25,  1,  25,  25,  -1,  -3.4, -4.0,  37.3,  10,  ABplpapaaap,  0,  0, 0, 0, , 0, 0, 0, 0, 0,
26,  1,  26,  26,  -1,  3.7, -4.2,  37.8,  10,  ABprpapaaap,  0,  0, 0, 0, , 0, 0, 0, 0, 0,
27,  1,  27,  27,  -1,  -4.7, -3.2,  28.2,  10,  ABalpppaaaa,  0,  0, 0, 0, , 0, 0, 0, 0, 0,
28,  1,  28,  28,  -1,  5.4, -3.0,  28.3,  10,  ABpraaaaaaa,  0,  0, 0, 0, , 0, 0, 0, 0, 0,
29,  1,  29,  29,  -1,  4.8, 0.3,  7.5,  10,  ABarpappap,  0,  0, 0, 0, , 0, 0, 0, 0, 0,
30,  1,  30,  30,  -1,  -1.4, 2.5,  44.2,  10,  Ealaad,  0,  0, 0, 0, , 0, 0, 0, 0, 0,
31,  1,  31,  31,  -1,  3.0, 1.7,  44.2,  10,  Earaad,  0,  0, 0, 0, , 0, 0, 0, 0, 0,
32,  1,  32,  32,  -1,  -2.3, -1.0,  44.6,  10,  Ealaav,  0,  0, 0, 0, , 0, 0, 0, 0, 0,
33,  1,  33,  33,  -1,  2.5, -1.7,  44.1,  10,  Earaav,  0,  0, 0, 0, , 0, 0, 0, 0, 0,
34,  1,  34,  34,  -1,  0.8, 2.4,  48.2,  10,  Earpa,  0,  0, 0, 0, , 0, 0, 0, 0, 0,
35,  1,  35,  35,  -1,  -0.4, -1.0,  48.3,  10,  Ealpa,  0,  0, 0, 0, , 0, 0, 0, 0, 0,
36,  1,  36,  36,  -1,  0.2, 2.6,  52.2,  10,  Earap,  0,  0, 0, 0, , 0, 0, 0, 0, 0,
37,  1,  37,  37,  -1,  0.4, -0.6,  52.6,  10,  Ealap,  0,  0, 0, 0, , 0, 0, 0, 0, 0,
38,  1,  38,  38,  -1,  -0.2, 2.7,  56.9,  10,  Epraa,  0,  0, 0, 0, , 0, 0, 0, 0, 0,
39,  1,  39,  39,  -1,  -0.4, -0.2,  58.2,  10,  Eplaa,  0,  0, 0, 0, , 0, 0, 0, 0, 0,
40,  1,  40,  40,  -1,  -1.1, 2.4,  63.5,  10,  Eplap,  0,  0, 0, 0, , 0, 0, 0, 0, 0,
41,  1,  41,  41,  -1,  0.8, 2.2,  61.2,  10,  Eprap,  0,  0, 0, 0, , 0, 0, 0, 0, 0,
42,  1,  42,  42,  -1,  -1.0, 2.2,  69.5,  10,  Ealpp,  0,  0, 0, 0, , 0, 0, 0, 0, 0,
43,  1,  43,  43,  -1,  1.6, 1.5,  68.5,  10,  Earpp,  0,  0, 0, 0, , 0, 0, 0, 0, 0,
44,  1,  44,  44,  -1,  -0.4, 2.3,  74.8,  10,  Eplpa,  0,  0, 0, 0, , 0, 0, 0, 0, 0,
45,  1,  45,  45,  -1,  0.4, -0.2,  73.4,  10,  Eprpa,  0,  0, 0, 0, , 0, 0, 0, 0, 0,
46,  1,  46,  46,  -1,  -1.4, 1.6,  79.2,  10,  Eplppp,  0,  0, 0, 0, , 0, 0, 0, 0, 0,
47,  1,  47,  47,  -1,  1.3, -0.2,  78.5,  10,  Eprppp,  0,  0, 0, 0, , 0, 0, 0, 0, 0,
48,  1,  48,  48,  -1,  -1.6, 0.8,  82.1,  10,  Eplppa,  0,  0, 0, 0, , 0, 0, 0, 0, 0,
49,  1,  49,  49,  -1,  1.5, 0.2,  82.1,  10,  Eprppa,  0,  0, 0, 0, , 0, 0, 0, 0, 0,
50,  1,  50,  50,  -1,  -3.1, -0.5,  17.8,  10,  MSaaapaaa,  0,  0, 0, 0, , 0, 0, 0, 0, 0,
51,  1,  51,  51,  -1,  2.9, 0.1,  16.8,  10,  MSpaaaapa,  0,  0, 0, 0, , 0, 0, 0, 0, 0,
52,  1,  52,  52,  -1,  -2.3, 0.5,  20.1,  10,  ABalpaapapa,  0,  0, 0, 0, , 0, 0, 0, 0, 0,
53,  1,  53,  53,  -1,  1.9, 0.9,  19.9,  10,  ABaraaapapa,  0,  0, 0, 0, , 0, 0, 0, 0, 0,
54,  1,  54,  54,  -1,  -1.3, -2.6,  22.4,  10,  ABalpappppa,  0,  0, 0, 0, , 0, 0, 0, 0, 0,
55,  1,  55,  55,  -1,  -1.3, 1.8,  15.3,  10,  ABarpaaaapa,  0,  0, 0, 0, , 0, 0, 0, 0, 0,
56,  1,  56,  56,  -1,  -4.5, -2.7,  18.1,  10,  ABalpppaaap,  0,  0, 0, 0, , 0, 0, 0, 0, 0,
57,  1,  57,  57,  -1,  4.3, -2.6,  18.0,  10,  ABpraaaaaap,  0,  0, 0, 0, , 0, 0, 0, 0, 0,
58,  0,  -1,  -1,  -1,  0.0, 0.0,  0.0,  10,  invalid filler cell,  0,  0, 0, 0, , 0, 0, 0, 0, 0,
59,  1,  59,  59,  -1,  -5.4, -0.9,  28.6,  10,  ABalapaapaa,  0,  0, 0, 0, , 0, 0, 0, 0, 0,
60,  1,  60,  60,  -1,  5.2, -0.6,  28.4,  10,  ABalaapppaa,  0,  0, 0, 0, , 0, 0, 0, 0, 0,
61,  1,  61,  61,  -1,  -6.7, -4.0,  26.0,  10,  ABalpppapad,  0,  0, 0, 0, , 0, 0, 0, 0, 0,
62,  1,  62,  62,  -1,  6.8, -3.2,  25.6,  10,  ABpraaaapad,  0,  0, 0, 0, , 0, 0, 0, 0, 0,
63,  1,  63,  63,  -1,  -4.1, -5.1,  29.5,  10,  ABplpapaaaa,  0,  0, 0, 0, , 0, 0, 0, 0, 0,
64,  1,  64,  64,  -1,  4.2, -5.1,  30.2,  10,  ABprpapaaaa,  0,  0, 0, 0, , 0, 0, 0, 0, 0,
