1,  0,  -1,  -1,  -1,  0.0, 0.0,  0.0,  10,  invalid filler cell,  0,  0, 0, 0, , 0, 0, 0, 0, 0,
2,  0,  -1,  -1,  -1,  0.0, 0.0,  0.0,  10,  invalid filler cell,  0,  0, 0, 0, , 0, 0, 0, 0, 0,
3,  0,  -1,  -1,  -1,  0.0, 0.0,  0.0,  10,  invalid filler cell,  0,  0, 0, 0, , 0, 0, 0, 0, 0,
4,  0,  -1,  -1,  -1,  0.0, 0.0,  0.0,  10,  invalid filler cell,  0,  0, 0, 0, , 0, 0, 0, 0, 0,
5,  0,  -1,  -1,  -1,  0.0, 0.0,  0.0,  10,  invalid filler cell,  0,  0, 0, 0, , 0, 0, 0, 0, 0,
6,  0,  -1,  -1,  -1,  0.0, 0.0,  0.0,  10,  invalid filler cell,  0,  0, 0, 0, , 0, 0, 0, 0, 0,
7,  0,  -1,  -1,  -1,  0.0, 0.0,  0.0,  10,  invalid filler cell,  0,  0, 0, 0, , 0, 0, 0, 0, 0,
8,  0,  -1,  -1,  -1,  0.0, 0.0,  0.0,  10,  invalid filler cell,  0,  0, 0, 0, , 0, 0, 0, 0, 0,
9,  0,  -1,  -1,  -1,  0.0, 0.0,  0.0,  10,  invalid filler cell,  0,  0, 0, 0, , 0, 0, 0, 0, 0,
10,  0,  -1,  -1,  -1,  0.0, 0.0,  0.0,  10,  invalid filler cell,  0,  0, 0, 0, , 0, 0, 0, 0, 0,
11,  0,  -1,  -1,  -1,  0.0, 0.0,  0.0,  10,  invalid filler cell,  0,  0, 0, 0, , 0, 0, 0, 0, 0,
12,  0,  -1,  -1,  -1,  0.0, 0.0,  0.0,  10,  invalid filler cell,  0,  0, 0, 0, , 0, 0, 0, 0, 0,
13,  0,  -1,  -1,  -1,  0.0, 0.0,  0.0,  10,  invalid filler cell,  0,  0, 0, 0, , 0, 0, 0, 0, 0,
14,  0,  -1,  -1,  -1,  0.0, 0.0,  0.0,  10,  invalid filler cell,  0,  0, 0, 0, , 0, 0, 0, 0, 0,
15,  0,  -1,  -1,  -1,  0.0, 0.0,  0.0,  10,  invalid filler cell,  0,  0, 0, 0, , 0, 0, 0, 0, 0,
16,  0,  -1,  -1,  -1,  0.0, 0.0,  0.0,  10,  invalid filler cell,  0,  0, 0, 0, , 0, 0, 0, 0, 0,
17,  0,  -1,  -1,  -1,  0.0, 0.0,  0.0,  10,  invalid filler cell,  0,  0, 0, 0, , 0, 0, 0, 0, 0,
18,  0,  -1,  -1,  -1,  0.0, 0.0,  0.0,  10,  invalid filler cell,  0,  0, 0, 0, , 0, 0, 0, 0, 0,
19,  0,  -1,  -1,  -1,  0.0, 0.0,  0.0,  10,  invalid filler cell,  0,  0, 0, 0, , 0, 0, 0, 0, 0,
20,  0,  -1,  -1,  -1,  0.0, 0.0,  0.0,  10,  invalid filler cell,  0,  0, 0, 0, , 0, 0, 0, 0, 0,
21,  0,  -1,  -1,  -1,  0.0, 0.0,  0.0,  10,  invalid filler cell,  0,  0, 0, 0, , 0, 0, 0, 0, 0,
22,  0,  -1,  -1,  -1,  0.0, 0.0,  0.0,  10,  invalid filler cell,  0,  0, 0, 0, , 0, 0, 0, 0, 0,
23,  0,  -1,  -1,  -1,  0.0, 0.0,  0.0,  10,  invalid filler cell,  0,  0, 0, 0, , 0, 0, 0, 0, 0,
24,  0,  -1,  -1,  -1,  0.0, 0.0,  0.0,  10,  invalid filler cell,  0,  0, 0, 0, , 0, 0, 0, 0, 0,
25,  0,  -1,  -1,  -1,  0.0, 0.0,  0.0,  10,  invalid filler cell,  0,  0, 0, 0, , 0, 0, 0, 0, 0,
26,  0,  -1,  -1,  -1,  0.0, 0.0,  0.0,  10,  invalid filler cell,  0,  0, 0, 0, , 0, 0, 0, 0, 0,
27,  0,  -1,  -1,  -1,  0.0, 0.0,  0.0,  10,  invalid filler cell,  0,  0, 0, 0, , 0, 0, 0, 0, 0,
28,  0,  -1,  -1,  -1,  0.0, 0.0,  0.0,  10,  invalid filler cell,  0,  0, 0, 0, , 0, 0, 0, 0, 0,
29,  0,  -1,  -1,  -1,  0.0, 0.0,  0.0,  10,  invalid filler cell,  0,  0, 0, 0, , 0, 0, 0, 0, 0,
30,  1,  30,  30,  -1,  -2.1, 1.6,  34.6,  10,  Ealaad,  0,  0, 0, 0, , 0, 0, 0, 0, 0,
31,  1,  31,  31,  -1,  3.0, 1.2,  34.0,  10,  Earaad,  0,  0, 0, 0, , 0, 0, 0, 0, 0,
32,  1,  32,  32,  -1,  -2.4, -0.8,  34.7,  10,  Ealaav,  0,  0, 0, 0, , 0, 0, 0, 0, 0,
33,  1,  33,  33,  -1,  2.9, -1.7,  33.9,  10,  Earaav,  0,  0, 0, 0, , 0, 0, 0, 0, 0,
34,  1,  34,  34,  -1,  0.3, 2.0,  37.6,  10,  Earpa,  0,  0, 0, 0, , 0, 0, 0, 0, 0,
35,  1,  35,  35,  -1,  -0.7, -1.6,  37.7,  10,  Ealpa,  0,  0, 0, 0, , 0, 0, 0, 0, 0,
36,  1,  36,  36,  -1,  0.4, 2.1,  40.9,  10,  Earap,  0,  0, 0, 0, , 0, 0, 0, 0, 0,
37,  1,  37,  37,  -1,  0.2, -1.1,  41.2,  10,  Ealap,  0,  0, 0, 0, , 0, 0, 0, 0, 0,
38,  1,  38,  38,  -1,  0.3, 2.4,  44.8,  10,  Epraa,  0,  0, 0, 0, , 0, 0, 0, 0, 0,
39,  1,  39,  39,  -1,  -0.5, -0.4,  46.4,  10,  Eplaa,  0,  0, 0, 0, , 0, 0, 0, 0, 0,
40,  1,  40,  40,  -1,  -0.8, 3.5,  50.3,  10,  Eplap,  0,  0, 0, 0, , 0, 0, 0, 0, 0,
41,  1,  41,  41,  -1,  1.0, 3.0,  47.8,  10,  Eprap,  0,  0, 0, 0, , 0, 0, 0, 0, 0,
42,  1,  42,  42,  -1,  -0.9, 3.2,  53.7,  10,  Ealpp,  0,  0, 0, 0, , 0, 0, 0, 0, 0,
43,  1,  43,  43,  -1,  2.0, 2.8,  52.0,  10,  Earpp,  0,  0, 0, 0, , 0, 0, 0, 0, 0,
44,  1,  44,  44,  -1,  -0.9, 2.1,  58.2,  10,  Eplpa,  0,  0, 0, 0, , 0, 0, 0, 0, 0,
45,  1,  45,  45,  -1,  0.5, 0.6,  56.4,  10,  Eprpa,  0,  0, 0, 0, , 0, 0, 0, 0, 0,
46,  1,  46,  46,  -1,  -2.1, 0.5,  61.5,  10,  Eplppp,  0,  0, 0, 0, , 0, 0, 0, 0, 0,
47,  1,  47,  47,  -1,  1.9, 0.0,  60.9,  10,  Eprppp,  0,  0, 0, 0, , 0, 0, 0, 0, 0,
48,  0,  -1,  -1,  -1,  0.0, 0.0,  0.0,  10,  invalid filler cell,  0,  0, 0, 0, , 0, 0, 0, 0, 0,
49,  1,  49,  49,  -1,  1.1, -0.6,  64.3,  10,  Eprppa,  0,  0, 0, 0, , 0, 0, 0, 0, 0,
50,  0,  -1,  -1,  -1,  0.0, 0.0,  0.0,  10,  invalid filler cell,  0,  0, 0, 0, , 0, 0, 0, 0, 0,
51,  0,  -1,  -1,  -1,  0.0, 0.0,  0.0,  10,  invalid filler cell,  0,  0, 0, 0, , 0, 0, 0, 0, 0,
52,  0,  -1,  -1,  -1,  0.0, 0.0,  0.0,  10,  invalid filler cell,  0,  0, 0, 0, , 0, 0, 0, 0, 0,
53,  1,  53,  53,  -1,  1.6, -0.0,  17.2,  10,  ABaraaapapa,  0,  0, 0, 0, , 0, 0, 0, 0, 0,
54,  0,  -1,  -1,  -1,  0.0, 0.0,  0.0,  10,  invalid filler cell,  0,  0, 0, 0, , 0, 0, 0, 0, 0,
55,  1,  55,  55,  -1,  -0.3, 0.6,  13.9,  10,  ABarpaaaapa,  0,  0, 0, 0, , 0, 0, 0, 0, 0,
56,  0,  -1,  -1,  -1,  0.0, 0.0,  0.0,  10,  invalid filler cell,  0,  0, 0, 0, , 0, 0, 0, 0, 0,
57,  0,  -1,  -1,  -1,  0.0, 0.0,  0.0,  10,  invalid filler cell,  0,  0, 0, 0, , 0, 0, 0, 0, 0,
58,  0,  -1,  -1,  -1,  0.0, 0.0,  0.0,  10,  invalid filler cell,  0,  0, 0, 0, , 0, 0, 0, 0, 0,
59,  1,  59,  59,  -1,  -4.9, -2.3,  20.8,  10,  ABalapaapaa,  0,  0, 0, 0, , 0, 0, 0, 0, 0,
60,  0,  -1,  -1,  -1,  0.0, 0.0,  0.0,  10,  invalid filler cell,  0,  0, 0, 0, , 0, 0, 0, 0, 0,
61,  0,  -1,  -1,  -1,  0.0, 0.0,  0.0,  10,  invalid filler cell,  0,  0, 0, 0, , 0, 0, 0, 0, 0,
62,  0,  -1,  -1,  -1,  0.0, 0.0,  0.0,  10,  invalid filler cell,  0,  0, 0, 0, , 0, 0, 0, 0, 0,
63,  1,  63,  63,  -1,  -4.8, -4.4,  22.5,  10,  ABplpapaaaa,  0,  0, 0, 0, , 0, 0, 0, 0, 0,
64,  1,  64,  64,  -1,  3.5, -4.6,  22.9,  10,  ABprpapaaaa,  0,  0, 0, 0, , 0, 0, 0, 0, 0,
