1,  1,  1,  1,  -1,  -5.1, 0.0,  24.7,  10,  ABplaaappa,  0,  0, 0, 0, , 0, 0, 0, 0, 0,
2,  1,  2,  2,  -1,  5.0, -0.0,  24.9,  10,  ABarpapppa,  0,  0, 0, 0, , 0, 0, 0, 0, 0,
3,  1,  3,  3,  -1,  -6.1, -0.0,  36.5,  10,  ABplaaappp,  0,  0, 0, 0, , 0, 0, 0, 0, 0,
4,  1,  4,  4,  -1,  6.1, -0.0,  36.7,  10,  ABarpapppp,  0,  0, 0, 0, , 0, 0, 0, 0, 0,
5,  1,  5,  5,  -1,  -6.1, 0.0,  58.6,  10,  ABarppaaap,  0,  0, 0, 0, , 0, 0, 0, 0, 0,
6,  1,  6,  6,  -1,  6.1, 0.0,  58.6,  10,  ABarpppaap,  0,  0, 0, 0, , 0, 0, 0, 0, 0,
7,  1,  7,  7,  -1,  -4.3, 0.1,  123.1,  10,  ABplapapaaa,  0,  0, 0, 0, , 0, 0, 0, 0, 0,
8,  1,  8,  8,  -1,  4.3, 0.2,  122.0,  10,  ABprapapaaa,  0,  0, 0, 0, , 0, 0, 0, 0, 0,
9,  1,  9,  9,  -1,  -1.3, -0.0,  159.3,  10,  ABplappppp,  0,  0, 0, 0, , 0, 0, 0, 0, 0,
10,  1,  10,  10,  -1,  1.4, 0.1,  159.4,  10,  ABprappppp,  0,  0, 0, 0, , 0, 0, 0, 0, 0,
11,  1,  11,  11,  -1,  -5.9, -0.1,  72.4,  10,  ABarppapaa,  0,  0, 0, 0, , 0, 0, 0, 0, 0,
12,  1,  12,  12,  -1,  5.8, 0.0,  72.5,  10,  ABarppppaa,  0,  0, 0, 0, , 0, 0, 0, 0, 0,
13,  1,  13,  13,  -1,  -5.3, -0.0,  84.9,  10,  ABarppapap,  0,  0, 0, 0, , 0, 0, 0, 0, 0,
14,  1,  14,  14,  -1,  5.2, -0.0,  84.7,  10,  ABarppppap,  0,  0, 0, 0, , 0, 0, 0, 0, 0,
15,  1,  15,  15,  -1,  -5.0, -0.0,  97.3,  10,  ABplappapa,  0,  0, 0, 0, , 0, 0, 0, 0, 0,
16,  1,  16,  16,  -1,  4.9, -0.0,  97.5,  10,  ABprappapa,  0,  0, 0, 0, , 0, 0, 0, 0, 0,
17,  1,  17,  17,  -1,  -4.6, -0.1,  113.1,  10,  ABarppappa,  0,  0, 0, 0, , 0, 0, 0, 0, 0,
18,  1,  18,  18,  -1,  4.5, -0.1,  113.0,  10,  ABarpppppa,  0,  0, 0, 0, , 0, 0, 0, 0, 0,
19,  1,  19,  19,  -1,  -4.2, 0.1,  127.8,  10,  ABplapapaap,  0,  0, 0, 0, , 0, 0, 0, 0, 0,
20,  1,  20,  20,  -1,  4.2, 0.1,  127.6,  10,  ABprapapaap,  0,  0, 0, 0, , 0, 0, 0, 0, 0,
21,  1,  21,  21,  -1,  -4.0, 0.0,  137.2,  10,  ABarppappp,  0,  0, 0, 0, , 0, 0, 0, 0, 0,
22,  1,  22,  22,  -1,  3.8, 0.1,  137.4,  10,  ABarpppppp,  0,  0, 0, 0, , 0, 0, 0, 0, 0,
23,  1,  23,  23,  -1,  -4.4, 0.9,  46.4,  10,  ABalpppapav,  0,  0, 0, 0, , 0, 0, 0, 0, 0,
24,  1,  24,  24,  -1,  4.8, 0.8,  46.2,  10,  ABpraaaapav,  0,  0, 0, 0, , 0, 0, 0, 0, 0,
25,  1,  25,  25,  -1,  -3.3, -2.2,  55.2,  10,  ABplpapaaap,  0,  0, 0, 0, , 0, 0, 0, 0, 0,
26,  1,  26,  26,  -1,  2.9, -2.3,  57.3,  10,  ABprpapaaap,  0,  0, 0, 0, , 0, 0, 0, 0, 0,
27,  1,  27,  27,  -1,  -3.7, -0.1,  46.0,  10,  ABalpppaaaa,  0,  0, 0, 0, , 0, 0, 0, 0, 0,
28,  1,  28,  28,  -1,  3.7, -0.1,  45.1,  10,  ABpraaaaaaa,  0,  0, 0, 0, , 0, 0, 0, 0, 0,
29,  1,  29,  29,  -1,  2.6, 0.2,  15.2,  10,  ABarpappap,  0,  0, 0, 0, , 0, 0, 0, 0, 0,
30,  1,  30,  30,  -1,  -3.0, 2.8,  72.9,  10,  Ealaad,  0,  0, 0, 0, , 0, 0, 0, 0, 0,
31,  1,  31,  31,  -1,  3.1, 2.5,  72.2,  10,  Earaad,  0,  0, 0, 0, , 0, 0, 0, 0, 0,
32,  1,  32,  32,  -1,  -2.9, -2.0,  73.1,  10,  Ealaav,  0,  0, 0, 0, , 0, 0, 0, 0, 0,
33,  1,  33,  33,  -1,  3.1, -1.1,  74.1,  10,  Earaav,  0,  0, 0, 0, , 0, 0, 0, 0, 0,
34,  1,  34,  34,  -1,  1.0, 3.3,  79.1,  10,  Earpa,  0,  0, 0, 0, , 0, 0, 0, 0, 0,
35,  1,  35,  35,  -1,  -1.4, -1.4,  79.4,  10,  Ealpa,  0,  0, 0, 0, , 0, 0, 0, 0, 0,
36,  1,  36,  36,  -1,  -0.6, 3.4,  84.6,  10,  Earap,  0,  0, 0, 0, , 0, 0, 0, 0, 0,
37,  1,  37,  37,  -1,  -0.1, -0.6,  87.2,  10,  Ealap,  0,  0, 0, 0, , 0, 0, 0, 0, 0,
38,  1,  38,  38,  -1,  -0.2, 3.3,  92.2,  10,  Epraa,  0,  0, 0, 0, , 0, 0, 0, 0, 0,
39,  1,  39,  39,  -1,  -0.7, -0.6,  95.8,  10,  Eplaa,  0,  0, 0, 0, , 0, 0, 0, 0, 0,
40,  1,  40,  40,  -1,  -1.6, 2.5,  106.2,  10,  Eplap,  0,  0, 0, 0, , 0, 0, 0, 0, 0,
41,  1,  41,  41,  -1,  0.4, 3.0,  100.3,  10,  Eprap,  0,  0, 0, 0, , 0, 0, 0, 0, 0,
42,  1,  42,  42,  -1,  -0.4, 1.6,  116.9,  10,  Ealpp,  0,  0, 0, 0, , 0, 0, 0, 0, 0,
43,  1,  43,  43,  -1,  1.0, 0.1,  112.6,  10,  Earpp,  0,  0, 0, 0, , 0, 0, 0, 0, 0,
44,  1,  44,  44,  -1,  -0.3, 3.4,  128.2,  10,  Eplpa,  0,  0, 0, 0, , 0, 0, 0, 0, 0,
45,  1,  45,  45,  -1,  -1.0, -0.8,  124.1,  10,  Eprpa,  0,  0, 0, 0, , 0, 0, 0, 0, 0,
46,  1,  46,  46,  -1,  0.5, 2.2,  136.9,  10,  Eplppp,  0,  0, 0, 0, , 0, 0, 0, 0, 0,
47,  1,  47,  47,  -1,  -0.4, -0.8,  134.2,  10,  Eprppp,  0,  0, 0, 0, , 0, 0, 0, 0, 0,
48,  1,  48,  48,  -1,  -1.7, 0.6,  142.8,  10,  Eplppa,  0,  0, 0, 0, , 0, 0, 0, 0, 0,
49,  1,  49,  49,  -1,  1.1, -0.9,  140.1,  10,  Eprppa,  0,  0, 0, 0, , 0, 0, 0, 0, 0,
50,  1,  50,  50,  -1,  -2.0, -0.3,  26.4,  10,  MSaaapaaa,  0,  0, 0, 0, , 0, 0, 0, 0, 0,
51,  1,  51,  51,  -1,  1.6, -0.3,  25.1,  10,  MSpaaaapa,  0,  0, 0, 0, , 0, 0, 0, 0, 0,
52,  1,  52,  52,  -1,  -2.0, 0.9,  31.9,  10,  ABalpaapapa,  0,  0, 0, 0, , 0, 0, 0, 0, 0,
53,  1,  53,  53,  -1,  1.7, 1.1,  31.5,  10,  ABaraaapapa,  0,  0, 0, 0, , 0, 0, 0, 0, 0,
54,  1,  54,  54,  -1,  -0.2, -2.6,  31.7,  10,  ABalpappppa,  0,  0, 0, 0, , 0, 0, 0, 0, 0,
55,  1,  55,  55,  -1,  -1.0, 1.7,  22.3,  10,  ABarpaaaapa,  0,  0, 0, 0, , 0, 0, 0, 0, 0,
56,  1,  56,  56,  -1,  -4.8, -0.5,  28.9,  10,  ABalpppaaap,  0,  0, 0, 0, , 0, 0, 0, 0, 0,
57,  1,  57,  57,  -1,  4.5, -0.5,  29.0,  10,  ABpraaaaaap,  0,  0, 0, 0, , 0, 0, 0, 0, 0,
58,  0,  -1,  -1,  -1,  0.0, 0.0,  0.0,  10,  invalid filler cell,  0,  0, 0, 0, , 0, 0, 0, 0, 0,
59,  1,  59,  59,  -1,  -2.5, 1.6,  46.6,  10,  ABalapaapaa,  0,  0, 0, 0, , 0, 0, 0, 0, 0,
60,  1,  60,  60,  -1,  2.4, 1.8,  46.6,  10,  ABalaapppaa,  0,  0, 0, 0, , 0, 0, 0, 0, 0,
61,  1,  61,  61,  -1,  -5.4, -0.9,  43.4,  10,  ABalpppapad,  0,  0, 0, 0, , 0, 0, 0, 0, 0,
62,  1,  62,  62,  -1,  5.0, -1.2,  42.7,  10,  ABpraaaapad,  0,  0, 0, 0, , 0, 0, 0, 0, 0,
63,  1,  63,  63,  -1,  -3.5, -3.2,  47.9,  10,  ABplpapaaaa,  0,  0, 0, 0, , 0, 0, 0, 0, 0,
64,  1,  64,  64,  -1,  3.5, -3.0,  47.9,  10,  ABprpapaaaa,  0,  0, 0, 0, , 0, 0, 0, 0, 0,
